-5.017576
-1.434314
0.229524
1.151121
1.516566
1.717678
2.081699
2.472709
3.093519
3.547421
3.779228
4.265049
4.420705
4.56862
4.739444
4.992205
5.223743
5.447363
5.61891
5.756345
6.06777
6.320598
6.464634
6.622272
6.649897
6.84503
7.145356
7.305031
7.409076
7.498925
7.579958
7.75514
7.824736
7.895235
7.987952
8.098104
8.232727
8.292732
8.466023
8.521724
8.625
8.75096
8.985247
9.079382
9.260292
9.321695
9.408912
9.515275
9.643237
9.827917
9.909641
10.03804
10.13067
10.25631
10.43996
10.65195
10.70703
10.86768
10.97096
11.10464
11.25276
11.34607
11.43564
11.58384
11.65613
11.83361
11.94782
12.03259
12.10747
12.2586
12.35213
12.45458
12.61969
12.70658
12.75521
12.97157
13.14632
13.3164
13.43484
13.58908
13.84156
14.0379
14.24625
14.33453
14.477
14.62987
14.80203
15.11673
15.21106
15.5449
15.71122
15.92502
16.23008
16.44173
16.95843
17.28773
17.72181
18.27255
19.15708
20.2147
-3.475999
-1.382163
0.7859388
1.168621
1.525839
1.811197
2.122452
2.592612
3.204812
3.56959
3.861398
4.328953
4.484836
4.606952
4.785622
5.027869
5.321107
5.457974
5.710244
5.766436
6.123687
6.370336
6.4653
6.624478
6.695683
6.97222
7.156634
7.360322
7.420506
7.519689
7.624846
7.767202
7.836591
7.897377
7.99148
8.11442
8.245928
8.303292
8.472084
8.544882
8.645
8.79307
9.029029
9.163312
9.275239
9.335747
9.439592
9.526049
9.679999
9.832952
9.980669
10.07051
10.18701
10.25894
10.45556
10.65321
10.73739
10.89429
10.97641
11.10484
11.26766
11.37358
11.44152
11.59885
11.71346
11.85693
11.98719
12.03478
12.16062
12.27762
12.35216
12.54486
12.62626
12.71834
12.81016
12.98527
13.14766
13.31927
13.45061
13.6009
13.86171
14.14863
14.25993
14.43304
14.5056
14.64689
14.88967
15.14886
15.3148
15.55755
15.80435
15.92709
16.24164
16.55369
16.97375
17.29023
17.96843
18.40382
19.49498
20.50465
-3.011421
-0.4605484
0.9871327
1.309107
1.541472
1.895423
2.271286
2.723834
3.342209
3.570431
3.984834
4.331671
4.492729
4.62244
4.798399
5.04663
5.342875
5.493389
5.738776
5.794341
6.14311
6.3863
6.531848
6.629755
6.752209
6.974118
7.17719
7.369976
7.458282
7.529846
7.667915
7.77298
7.839654
7.906597
8.026662
8.140695
8.26616
8.317979
8.499695
8.595813
8.646216
8.832969
9.047907
9.196746
9.285275
9.374625
9.440398
9.553831
9.703778
9.834987
9.984228
10.09359
10.19426
10.34392
10.54874
10.67062
10.76679
10.93762
11.00431
11.15305
11.29155
11.39052
11.44998
11.60945
11.7239
11.86094
12.00569
12.05186
12.19891
12.29908
12.36578
12.55221
12.63439
12.72289
12.84476
13.08499
13.17169
13.34352
13.50322
13.7585
13.87506
14.15322
14.27969
14.44606
14.5186
14.6591
14.90025
15.19426
15.31713
15.58906
15.82259
15.99794
16.31723
16.61246
17.11932
17.36618
17.98485
18.66681
19.61785
20.80398
-1.855265
-0.3729052
1.017789
1.312094
1.689614
2.003965
2.277696
2.805312
3.381417
3.721518
4.047699
4.3834
4.539354
4.704911
4.914986
5.169572
5.344302
5.559643
5.751411
5.849658
6.146698
6.402214
6.583003
6.645753
6.780499
7.113174
7.181148
7.38668
7.458893
7.570753
7.682559
7.788453
7.849669
7.92781
8.077205
8.141031
8.272492
8.431156
8.504889
8.596554
8.693957
8.87835
9.052086
9.233661
9.299273
9.397832
9.478723
9.59142
9.786307
9.835865
10.00612
10.11245
10.23845
10.41382
10.55162
10.68034
10.77168
10.94517
11.028
11.17294
11.30796
11.39319
11.54649
11.61135
11.7496
11.9063
12.00987
12.08336
12.2136
12.33614
12.41172
12.56625
12.68499
12.73322
12.85495
13.09413
13.1949
13.37864
13.56146
13.78471
13.92538
14.1588
14.31688
14.45251
14.52515
14.6834
15.06989
15.20292
15.45536
15.69742
15.89918
16.07923
16.38214
16.69465
17.14592
17.47211
18.06955
19.07312
19.71255
20.8641
-1.658451
-0.2949719
1.129316
1.41839
1.706451
2.067011
2.323871
3.059102
3.385526
3.744733
4.180232
4.406225
4.545162
4.717735
4.939575
5.214532
5.379087
5.58044
5.755273
5.869749
6.216369
6.414506
6.621844
6.649456
6.828141
7.127575
7.187191
7.391516
7.468246
7.574683
7.702996
7.805261
7.857847
7.959933
8.086114
8.184171
8.282044
8.435878
8.514495
8.596568
8.740048
8.97086
9.07335
9.239968
9.320926
9.40277
9.49937
9.621619
9.786648
9.854574
10.02198
10.12264
10.24862
10.42891
10.56616
10.70177
10.82182
10.96654
11.05494
11.18963
11.32564
11.39604
11.58362
11.65146
11.76088
11.90651
12.03108
12.0989
12.23488
12.35099
12.4135
12.60842
12.68894
12.74818
12.944
13.13364
13.2304
13.41263
13.57227
13.83427
13.94212
14.17248
14.32131
14.46395
14.61036
14.78321
15.07633
15.20698
15.51479
15.70697
15.92484
16.19398
16.41284
16.9403
17.21206
17.48601
18.07999
19.08929
20.08118
23.70972
