10.16411
17.23034
8.369594
10.26569
10.56714
7.148923
6.937235
7.847224
6.511759
10.16289
16.25371
14.50608
12.6252
4.025398
3.944055
3.624904
11.37944
16.85366
8.206171
8.465059
9.496443
17.2479
7.295131
11.22273
11.64251
12.38381
4.727395
17.61654
1.628413
15.99861
10.50355
9.763712
17.54208
9.640706
15.45727
12.54599
12.41236
17.57149
11.07702
15.65365
8.073921
6.891011
13.52063
5.373894
11.15111
9.789188
6.069318
15.44651
1.262312
12.0425
13.82093
10.99683
9.746427
13.33559
20.54644
13.73402
10.56438
11.48014
12.33749
11.78221
17.70384
2.720696
19.46945
17.62722
17.51234
-3.028984
18.21528
6.38631
15.76304
7.313164
3.423254
9.48934
10.92704
15.79582
6.0829
10.26888
9.49867
7.762098
10.40785
7.715679
9.68863
7.988532
7.428234
9.186669
23.14878
8.673411
6.558457
4.767937
5.451822
5.368164
17.87614
9.51559
10.70033
8.061145
12.63894
4.179774
2.827721
3.468777
9.597124
11.8911
5.372841
9.482505
8.452874
14.05766
4.421463
13.07354
8.368466
12.99405
17.99391
13.76694
5.445311
15.77297
8.813882
7.933075
10.99219
7.180284
10.09615
14.96276
6.65778
9.254017
8.978102
15.572
2.957935
10.92447
16.45927
5.357082
9.321974
5.516189
4.602207
9.952668
15.46542
8.108347
6.636352
9.281307
9.495587
19.27084
11.07658
6.035164
2.117097
10.5819
-0.4565259
8.460163
12.96781
10.33962
2.504773
9.238938
3.149213
10.86735
15.28942
17.23721
5.950798
19.52036
8.56163
20.91484
5.032083
11.82064
10.42187
13.62512
12.90835
2.938776
15.5625
2.700283
8.859677
5.108736
15.92213
6.673377
6.105801
12.64147
10.65433
17.2935
-1.820988
17.09233
2.993149
6.141108
20.04653
5.906128
10.66406
10.68876
11.66255
14.09631
12.76091
3.731813
15.10153
9.850054
17.07851
0.3710045
11.02871
8.181991
-0.03402373
11.74553
-3.305499
2.100677
16.63866
8.437574
8.307278
7.544124
9.50348
9.372008
14.53633
14.44505
8.387692
8.785632
8.165737
16.93942
10.81778
4.310269
10.4343
14.59557
6.658399
0.681497
7.4508
14.74228
23.5889
7.279796
9.494185
7.666251
16.69113
17.84132
4.867732
13.77159
14.12071
16.64513
3.342452
13.90054
12.0103
4.222526
1.977166
22.17853
16.89913
15.15484
11.19542
10.06546
7.961833
6.478969
5.557717
21.84936
15.73276
9.68909
17.10314
9.987662
9.565168
17.77008
10.72126
8.453054
11.66586
11.82309
0.4353324
15.11168
14.45589
7.466608
9.121707
12.42715
11.60177
6.687127
5.133647
9.292396
21.30288
10.27398
7.464065
14.03944
6.005976
8.512343
13.63461
7.685205
12.57649
10.5172
9.674743
13.71314
6.227284
7.587495
2.898985
14.91075
16.08515
6.985384
6.78678
11.91681
13.91029
4.003667
8.747668
10.05474
12.3809
8.614118
5.188693
7.342923
5.133613
3.311191
13.53743
10.71261
15.32833
5.547205
15.99144
8.204598
4.807674
2.236089
13.55043
12.71829
3.300994
7.084572
12.16005
14.0332
10.40761
12.22775
14.99166
6.99556
16.17883
9.90232
10.77428
6.625317
7.903055
6.618421
7.648982
6.860657
9.088576
12.2191
2.452343
5.0259
11.46628
7.833722
9.277833
7.885321
9.5578
0.7286738
5.959678
14.79086
10.38391
8.778676
10.8246
10.07286
16.17484
9.568672
10.13681
10.25139
9.907534
11.59295
7.03595
9.483483
-1.517779
20.04226
19.98668
7.29721
10.26666
14.42552
4.788556
11.52677
6.250095
12.45096
18.4487
7.439352
11.35145
-0.08714141
14.21923
18.92672
9.455712
9.269999
13.20845
19.75103
-0.5662334
9.469331
10.69192
8.903004
12.00948
14.10891
10.70899
-2.327853
2.227921
-0.4242239
-2.948605
6.700254
15.58436
14.3577
13.0712
7.885407
8.455159
11.68933
16.95131
10.78894
14.76198
5.310056
4.319229
9.520987
13.55657
5.332202
16.06755
15.27454
17.3883
11.41828
10.62132
13.44936
13.22616
18.08463
16.48827
9.160169
11.95652
2.79595
9.036614
13.71972
17.10619
10.05791
13.1755
10.50406
19.97366
7.096615
13.90694
2.30435
3.966702
0.9688628
10.8074
11.05122
-0.08227075
13.10074
11.3025
15.05171
11.71724
11.68201
9.160831
9.285333
5.667877
4.875676
7.941592
11.77523
13.9123
9.694083
5.549021
2.728645
1.477304
14.35076
14.625
6.925568
6.866849
0.005736818
5.524861
6.430334
14.96187
4.958582
10.25468
9.139003
7.07181
12.34996
9.16128
13.0787
9.061048
5.687384
16.99412
23.06227
7.45327
3.472607
11.59528
8.672362
11.85623
9.315787
11.1802
15.41621
7.599568
18.06617
14.243
12.20638
12.51999
12.90834
16.76457
9.727836
2.061203
13.27932
7.296388
11.99232
17.02802
1.308566
13.89649
9.604705
7.424209
5.555915
10.31183
13.11249
12.99854
15.307
15.87855
4.995507
9.875777
10.01697
12.90149
14.36744
12.41955
9.036375
18.26267
7.170141
5.277307
4.976178
10.84774
12.37149
17.35938
16.94461
13.1515
2.906192
8.715713
8.86901
15.37179
12.79612
14.99248
6.655517
3.671607
8.847474
