-9.326435
-8.341796
-4.501083
-0.66103
-2.641719
-8.203026
-5.480821
-0.338662
-1.852393
0.02648647
-2.934664
-4.547198
-2.904786
-4.777345
-0.8471262
-1.03722
-1.908304
-2.878536
-6.414506
-2.897164
1.380157
2.718637
-2.696627
-3.488824
-2.992192
-0.7078314
-2.582241
-0.5477227
-0.6886159
-3.486916
-2.350463
-1.352806
0.773937
-4.459879
0.6769413
-1.505518
-6.061982
0.7226743
-0.2264187
-0.9954492
3.46208
-2.311821
1.275732
0.8217661
-1.08766
-1.103935
-1.005805
-0.9322896
-3.705145
5.896607
-1.244911
-0.4387892
-0.2207795
1.018256
1.382844
4.31026
-0.2339727
-0.6448267
0.4617727
1.542157
0.08682359
0.05906683
2.637989
-0.6519574
0.5127384
-1.97019
1.020821
2.072155
-4.285019
2.066736
3.179685
1.708739
3.416124
1.007088
4.25737
2.083089
0.9411004
0.03398718
4.781103
-0.5565676
0.2226833
4.116022
0.839833
2.985516
2.25193
2.354135
1.554313
0.385842
2.6224
2.315522
4.146921
2.056246
1.024879
3.914025
0.988275
0.463081
2.49065
3.613481
2.865066
5.01882
-7.983221
-6.084101
-6.863316
-2.151432
-0.4672682
-5.681784
-6.057534
-3.320358
-4.909187
-4.111387
-0.5887354
-6.470532
-0.8844633
-2.051114
-1.343531
-5.851382
2.176003
-2.002617
-1.432208
-2.074868
-2.476269
-2.331807
-1.04618
-1.36948
-1.382686
-2.793326
0.1502668
-0.5342519
-0.7649178
-5.333523
-2.649124
-0.1460508
0.3348223
0.3368217
0.8368695
-4.928993
0.3337974
-2.763608
1.301625
0.1514413
-0.7077378
-1.281901
-0.7647295
3.201786
-1.262338
-2.023479
-2.266055
-0.1346264
0.3488392
0.9178968
1.262335
0.6251327
-1.023864
2.624364
-0.9148681
0.5669366
1.634159
2.209975
1.640165
-1.798179
1.616497
-1.090467
2.560085
0.5403804
3.17129
3.729972
1.666907
-1.348316
2.881019
-4.434324
-1.252922
-0.518575
0.04763991
-0.2060553
-1.657067
5.191891
1.241459
2.505665
3.248338
1.006911
-1.250411
0.7023787
0.9154953
2.297962
1.597313
1.801635
4.20637
4.454415
1.369671
0.6097496
-0.832459
2.045304
3.546143
3.287679
3.548535
4.226291
-1.859576
2.242646
7.229752
4.661567
-3.947989
-4.558677
-6.09648
-1.258192
-3.951164
-2.195325
-2.882531
-5.364483
-5.993833
-0.4023393
-2.285945
-2.131684
-2.442014
-3.711595
-3.798885
-0.7877695
-2.579748
-0.5270734
-4.785977
-3.225638
-3.882809
-3.054719
-0.7383858
-0.9518107
-2.981701
0.5484904
-1.817711
-0.9348184
-4.959002
1.983971
1.32893
-2.942665
-3.218822
-0.06859826
0.6924324
-3.642934
-1.663766
0.1206152
-0.2910797
1.538792
0.3952437
2.000818
-4.685546
1.513314
0.6573114
4.036489
0.2133789
0.8332385
-2.525167
-0.7269983
-1.937433
-1.673294
2.206314
3.967939
-1.107602
-0.9629029
3.658316
1.586166
-2.436942
0.631311
0.3209625
0.4618434
4.147997
0.1552748
-1.152952
-0.3024323
0.1920541
-1.392248
2.204135
2.27868
-0.2268861
2.764583
-2.609837
3.493433
0.3856463
-0.1001634
4.583555
-0.3634314
3.242209
4.016881
1.569181
5.049414
1.715464
1.13029
0.7465997
1.315623
4.598499
4.028502
5.608364
2.701679
2.748852
-2.239318
4.858579
3.484243
1.878043
0.4362444
1.183409
8.333907
6.621587
3.49238
-2.090214
-7.938499
-4.155213
-1.295046
-3.296322
-1.321755
-2.465385
-0.7226194
-4.219636
-2.157077
-4.947939
-0.8077177
-4.250286
-3.953892
-3.729369
-0.3260602
-3.149863
-3.615229
-2.923485
-1.733233
-1.148182
-0.1501538
-2.314687
1.983824
-0.9580834
-4.251911
-1.93981
1.099133
-1.787082
-1.447196
0.8324907
-1.213836
-0.5029567
-1.98351
-0.4375972
0.7170436
-1.911375
-1.032661
-0.8005614
0.597096
1.712903
3.890719
1.067309
-1.27351
0.3581445
0.4158997
-1.533345
-3.741578
-0.7755717
-2.225764
1.221472
1.602974
-0.4194403
0.5801726
3.029174
1.328383
4.565999
3.919094
-3.300648
2.50281
3.003424
0.878979
-1.249661
0.05663603
-1.764893
4.179131
4.698568
2.446307
0.230287
2.640241
2.047415
0.5162939
5.269726
4.627187
2.727846
3.963884
0.5514634
2.785987
2.400323
2.576361
1.549566
1.138781
1.334647
2.195355
3.635892
3.383955
0.7705448
-0.02400984
6.039344
4.407174
7.196302
1.015763
4.243884
6.281347
-0.3642664
2.394732
3.186471
1.133032
4.190992
4.676608
-2.913718
-2.117938
-3.859839
-3.528225
-0.3491033
-1.841822
0.9186303
-1.098846
-4.850417
-5.305497
-6.292459
-6.257413
-3.33332
-3.082289
-2.754119
-0.5000194
-1.562812
-3.374883
-1.60682
0.1779344
1.143857
-2.485583
-3.171465
-1.029427
-1.612305
-3.15065
0.7011901
0.7884724
-2.03618
-3.968911
-1.602409
-1.296911
0.4588591
-0.2087827
-1.896329
0.8474262
2.900028
-0.8850857
-0.532355
-2.431956
1.55119
-3.378275
4.112812
0.08348487
-0.1812269
-0.1230517
-2.101382
-0.5803495
-2.752709
-4.551972
0.2358535
-3.003375
-3.199831
-0.7116619
1.318205
-0.3207108
-3.754458
0.05799549
-3.319015
2.226672
2.874537
1.196306
-0.6109653
1.138993
0.6867515
-2.296671
1.379173
1.671254
-1.331077
1.194625
0.6189536
0.4881922
1.837189
3.758289
-1.440176
-0.2732528
3.531056
1.073638
1.346424
1.773041
1.409885
3.099211
-0.9729184
2.429871
1.863436
2.37572
5.695756
-0.5478755
-0.5760345
-0.9664203
4.780714
1.055125
1.038826
1.046197
3.234093
2.459227
2.6577
0.1702513
3.045849
5.919054
