4.459774
-3.671662
7.61036
12.67661
-1.73138
0.3545441
-4.1435
-4.972261
-2.680016
-4.501103
-0.1189729
-6.061058
3.934554
2.912913
7.080776
2.013057
1.950082
-3.101458
1.862044
-1.94814
-7.158593
-6.577263
-9.507444
-5.539901
6.169356
-1.571053
2.644785
9.113086
5.014628
1.59126
6.146973
4.536301
-1.185647
-7.796997
-2.22715
-4.283655
-6.285412
-7.192069
-9.948964
1.566369
0.5694203
-1.184925
3.684059
5.892124
1.233769
-3.198543
4.312039
-6.834411
-7.486962
-8.492712
-6.712287
5.376864
-0.6433386
-6.688874
7.607523
9.397519
9.314818
-1.05074
0.97863
-5.073386
-3.223758
-5.546946
-11.75044
-4.898654
3.099679
5.850809
4.101601
2.91192
4.025448
-0.77405
-4.769752
-10.63037
-12.04815
-1.420848
1.3303
2.152157
0.240767
4.919336
0.946634
1.512987
3.608919
8.739222
-6.38818
1.4963
-10.27003
-1.766828
-4.066552
-7.883953
-0.2856567
-2.20976
9.952922
1.841311
-4.780107
3.136888
-3.382113
-2.682347
5.147287
-0.1189986
-0.6966195
-1.159951
-2.578854
-3.580519
1.270783
2.067434
6.922517
-1.473924
-2.24197
-3.591139
-4.180595
-2.021905
5.266164
-0.1832251
9.074654
8.735837
11.4968
1.413661
3.758892
-1.894197
-1.449767
-6.369977
-3.416149
-2.254818
-7.661143
-1.217917
-7.035123
2.15319
1.834196
4.357794
-0.8605714
3.709869
0.2084175
4.892424
3.699087
-2.039755
-5.633588
-2.148907
-4.293156
-9.38818
-5.043219
1.466412
7.794987
1.72761
4.698081
5.856169
5.338577
1.708079
-3.125766
-3.557947
2.023831
-5.612774
-5.759035
-7.722917
3.82217
10.22061
0.9471138
-0.9029207
0.09064666
6.703815
-4.363505
-7.474331
-5.633804
-9.4095
-0.2970565
1.47036
4.123512
8.836673
-0.8023798
-0.5234258
-3.003119
4.718977
-8.113767
-5.252586
-6.753427
-3.979559
-1.436854
-1.023958
-1.022021
1.334575
-5.426731
11.77684
4.963161
4.17868
-1.870088
-3.893861
-8.4153
-0.8703044
5.40778
-5.873379
0.2863398
2.36413
6.445174
8.220566
-1.262044
4.620861
-1.638926
-3.127372
-3.067034
4.886599
-13.38267
-0.5329511
-4.74709
0.2540529
7.319286
1.663568
-3.131987
-0.07753668
-7.762563
-4.750592
-0.7631013
2.187538
8.444836
5.593181
4.552539
5.422268
8.684328
5.931501
-5.36426
-0.04528582
0.2144705
-2.696342
-8.829782
-2.763733
-5.64654
0.7344725
3.870378
9.021644
1.741594
5.324294
1.103152
5.067106
1.776067
-4.17192
-3.742336
2.573099
-3.170913
-6.48253
-8.918024
-2.601468
1.129303
8.46536
5.483037
6.236003
-0.9919553
17.50614
2.694609
-1.805203
-0.9181922
-6.84331
-0.87101
-2.064579
3.562684
1.541989
-1.532759
-0.2960736
0.586928
1.510625
6.305046
8.595684
-4.221385
2.13177
-6.392978
-9.929919
-4.829576
-2.088464
10.27913
6.322465
1.461634
1.072444
2.726867
2.376096
-4.523162
-16.69084
-0.6612839
-1.387826
-9.210832
2.299718
6.315505
5.996088
6.181106
8.806072
1.097848
-0.9822911
0.8817114
-1.416995
-2.500629
-9.65822
-7.097457
-4.746652
-4.04868
2.06496
8.283813
3.533567
9.126608
4.005066
0.7884673
-2.968829
-0.6029228
-4.530256
1.155583
2.677025
-3.530326
-5.121497
5.167076
4.71107
0.8881093
-1.512171
-1.942605
-3.721551
-0.9362444
-4.917785
2.355752
-1.113033
4.408495
2.322079
3.93964
2.637188
-2.093309
-6.68069
1.562693
-7.21098
-11.48657
-4.221545
0.150563
3.961565
0.2240122
-3.721241
4.204371
6.53878
7.249159
10.71464
0.5290632
0.1788494
-4.526037
-5.687145
-8.520727
-4.891238
-13.92603
4.064848
-4.034798
5.384895
1.327515
11.74125
3.59042
6.851169
1.344127
9.912695
4.685793
-0.791779
-4.645032
0.7140252
-3.807303
0.2133
7.375766
7.029602
-0.3845343
0.5839217
4.975127
6.254328
2.758181
-10.71631
-7.13332
-8.567871
-7.907337
-7.43869
1.484643
6.55129
-4.800515
-1.529458
3.235861
-1.558376
-0.771839
-5.935998
-3.865565
-2.724507
-0.1471999
-3.686352
5.255279
0.8224639
7.804153
6.469156
5.318736
-0.6717948
-5.906027
-9.237005
0.07591986
-13.47194
-3.828204
-3.811059
2.336187
-2.246159
-3.512557
-0.002458187
-4.237958
-4.126149
3.314366
-2.520508
-3.838285
-0.8924195
-12.09713
0.2282326
0.004744444
-1.289123
1.63424
-0.9964291
7.78464
-2.102866
-1.494833
-3.504233
-4.740375
1.568132
0.8566936
8.131074
6.876109
8.255455
9.44478
-0.741993
-9.851209
-1.366495
2.20891
-5.839076
-5.826929
-5.943357
-2.704274
2.095337
1.534019
0.161642
4.37311
4.326663
1.490101
10.17551
4.842794
-2.626459
0.09392624
1.937547
-6.94084
-5.154397
-3.381147
-1.944088
8.81005
-0.1555766
-1.32735
3.008169
1.804055
-0.5105688
-4.166939
3.753344
3.904775
-2.195034
-2.91406
-4.425421
-9.571824
-2.084276
-0.9585003
11.79153
7.335418
2.58295
3.886729
-3.341282
-8.110475
-8.16395
-1.752202
-5.897453
0.8436651
1.953131
16.63846
2.990546
8.72931
1.28543
4.790453
-5.452318
1.1478
-2.477631
-8.274693
-4.941387
7.486054
9.68816
0.807928
0.7096093
12.43115
-2.92134
5.20545
9.391126
-7.096346
-5.325124
-1.579066
1.024265
-3.668901
-4.598481
-2.066876
9.808368
5.955828
2.359178
7.879415
0.6392424
-2.654412
-1.865872
-12.02206
-2.492488
-7.200854
-5.50924
