0.1226716
0.422555
0.8573413
1.621395
2.257489
2.811373
3.832117
4.256529
5.159416
5.439243
6.075666
6.672398
7.431852
7.769349
8.029297
8.370483
8.900424
9.136914
9.567678
9.87225
10.37232
10.98383
11.32853
11.75018
12.52923
12.71713
13.16095
13.63703
14.16567
14.52413
14.76167
15.18202
15.58327
16.15698
16.55799
17.14526
17.33327
17.83253
18.2751
18.93899
19.25733
19.64307
20.01936
20.28765
21.12086
21.47125
21.79505
22.50859
22.82862
23.38324
23.79931
24.27011
25.1113
25.53073
26.08915
26.38809
26.8592
27.38958
28.19526
28.90755
29.35294
29.72108
29.92204
30.69686
31.42561
32.47602
33.26851
33.54886
34.28744
34.57512
35.00217
35.58283
36.00372
36.29204
37.02989
37.42735
37.91368
38.33709
38.96655
39.58344
39.97515
40.09329
40.75872
41.07222
41.63434
42.14023
42.53883
42.98808
43.42606
43.91001
44.92655
45.65935
46.02167
46.6305
47.03698
47.56489
48.22366
48.5978
49.03415
49.26549
0.1544963
0.6874206
0.8574102
1.723693
2.33678
3.2581
3.949221
4.654204
5.191042
5.676768
6.124698
6.922118
7.54496
7.800493
8.117004
8.403116
8.902413
9.156786
9.61229
9.879126
10.38628
11.01109
11.36625
12.05366
12.57725
12.94183
13.17339
13.87176
14.23725
14.70978
14.81265
15.21167
15.63756
16.21941
16.66493
17.14758
17.35315
17.9893
18.31423
18.98152
19.38448
19.65618
20.14029
20.50122
21.26277
21.63242
21.94512
22.63061
22.94837
23.49697
23.94702
24.45043
25.21771
25.61701
26.09598
26.5704
26.90367
27.40434
28.21186
28.99303
29.45106
29.7766
30.10108
30.77979
31.69685
32.58396
33.30177
33.6654
34.34726
34.66134
35.09875
35.68893
36.01072
36.46164
37.04587
37.49737
38.00608
38.38427
39.02765
39.58839
39.97973
40.16462
40.96535
41.12376
41.73408
42.25607
42.5577
43.10187
43.51236
44.44745
44.99511
45.7401
46.04346
46.65914
47.11395
47.73829
48.37894
48.88304
49.13486
49.46846
0.1550377
0.761212
0.8985794
1.870159
2.397709
3.331822
4.102817
4.671507
5.257965
5.692285
6.216242
7.096728
7.556757
7.903672
8.201794
8.441255
9.002238
9.188364
9.647579
10.06174
10.48638
11.23968
11.43744
12.18112
12.62869
12.9421
13.19074
14.03001
14.27874
14.72604
14.87519
15.27079
15.87562
16.22408
16.90613
17.17101
17.3682
18.15178
18.84459
19.15429
19.51549
19.74564
20.18847
20.70221
21.27095
21.64506
22.04113
22.65126
23.17364
23.56262
24.0528
24.49258
25.26972
25.72367
26.12172
26.66718
26.96362
27.6413
28.34468
29.01573
29.51683
29.83778
30.11658
30.89153
32.03592
32.63846
33.45191
33.72402
34.34819
34.70457
35.12391
35.87837
36.08177
36.53321
37.09504
37.70124
38.0322
38.44167
39.04429
39.63417
40.0265
40.18234
40.985
41.20941
41.95518
42.38813
42.62464
43.18954
43.5591
44.45069
45.11742
45.7661
46.19222
46.74766
47.30046
47.89525
48.42166
48.89236
49.14705
49.64787
0.1650184
0.8128332
1.167312
1.995845
2.405391
3.622077
4.161382
4.92335
5.345768
5.913112
6.223912
7.153867
7.587387
7.959286
8.235694
8.594861
9.061302
9.300965
9.705423
10.31768
10.66879
11.27809
11.48874
12.23617
12.65489
12.94475
13.35274
14.05866
14.30517
14.73221
15.09301
15.29476
15.94672
16.23593
16.90986
17.18026
17.49686
18.16139
18.85918
19.1723
19.51732
19.97087
20.25366
20.73995
21.32378
21.66264
22.27501
22.66652
23.35442
23.71468
24.17308
24.72267
25.31868
25.88807
26.16232
26.75839
27.12331
27.86462
28.41322
29.21511
29.5846
29.89945
30.4185
31.06896
32.05083
32.7719
33.45654
33.83114
34.41375
34.8717
35.4692
35.94341
36.17368
36.55236
37.09891
37.70746
38.11077
38.49109
39.0478
39.68307
40.08031
40.37283
41.03563
41.41843
42.06435
42.41761
42.66365
43.21174
43.6518
44.85989
45.37196
45.88307
46.19667
46.83757
47.42907
47.98585
48.45771
48.90051
49.14878
49.72224
0.3622922
0.8167011
1.189034
2.052199
2.735144
3.708652
4.168289
5.058158
5.431823
5.935911
6.644193
7.422695
7.758246
7.980408
8.28376
8.64046
9.118351
9.497333
9.821157
10.32964
10.92349
11.32322
11.59371
12.37104
12.66269
13.08233
13.4687
14.13051
14.39636
14.73382
15.12419
15.38241
15.99447
16.30813
16.92103
17.30189
17.76321
18.18656
18.85999
19.19526
19.63101
19.98657
20.26729
21.00364
21.4348
21.72569
22.34967
22.69338
23.37835
23.75864
24.19502
24.93783
25.44081
26.0739
26.2108
26.79325
27.22775
28.06644
28.82981
29.26317
29.62341
29.92093
30.6845
31.35001
32.35772
33.07178
33.49833
34.02803
34.53751
34.99448
35.53675
35.97949
36.18899
36.87762
37.40565
37.91224
38.11961
38.8221
39.08048
39.88826
40.08116
40.49967
41.06593
41.62897
42.12738
42.46008
42.69457
43.3968
43.80291
44.91565
45.40915
46.01325
46.26492
47.0204
47.50043
48.08316
48.47279
49.00613
49.19597
49.90648
