2.598792
5.611354
11.53012
15.66765
15.64627
13.43133
7.812927
3.358115
6.749428
5.863852
1.112785
10.47504
8.323003
1.57117
0.2071239
11.56516
13.78887
6.082989
6.626752
6.423613
3.632195
4.317306
18.53153
3.895369
2.303437
2.081407
9.657991
10.37984
7.874296
13.2567
9.406905
9.486022
13.91887
14.17481
14.9779
18.74987
0.8098198
7.631488
17.11492
14.56538
15.38501
14.07805
12.328
2.130366
20.24528
6.523174
3.347398
2.689802
15.02904
13.1427
11.97469
8.176163
20.40898
5.505302
-1.560321
4.637266
24.55277
7.266152
24.3413
4.80683
11.01255
10.94491
8.673278
17.45522
9.528755
5.237193
9.017898
5.744177
14.30266
8.049502
6.00171
8.6304
13.3355
8.646162
4.431604
12.27272
12.72875
3.910307
14.41237
9.979745
11.98922
13.41042
12.08978
11.12959
23.05395
6.893002
6.878819
2.43247
14.99398
5.962964
14.13266
3.73822
15.78478
7.062085
15.33638
7.822676
4.919304
3.892406
6.719002
12.72308
12.80145
3.803182
10.71101
17.94133
9.435217
19.19017
3.767809
13.77662
8.145639
15.44328
13.54369
14.61661
7.3814
10.11455
5.397627
19.07196
15.32317
5.843207
4.72455
8.311368
10.3537
0.7389657
10.19172
15.85565
10.84897
11.20771
12.92473
10.64198
6.498111
6.237827
16.39137
15.75825
3.060171
1.321768
14.08481
15.25565
0.5361764
6.316334
5.739794
12.79942
4.215142
13.80784
10.95492
-2.448298
16.08273
9.996071
7.586758
4.871156
22.07741
9.677454
13.47634
13.76764
9.02321
4.242783
9.528496
7.178246
13.75918
12.2866
6.317235
0.6083813
10.96758
4.826579
5.940301
12.00662
7.848954
2.465935
5.147032
11.58968
9.349654
10.66016
12.28856
-2.040535
15.6988
12.42977
-0.7995664
6.875022
16.09939
6.113873
10.21997
10.95059
11.13966
3.611349
10.20693
12.49702
13.14126
3.551356
9.395803
0.7790382
8.398009
25.96145
11.53816
14.79783
13.55129
4.856289
11.29828
0.4270735
10.396
6.397797
7.738182
-0.1250857
5.84549
14.31889
6.675214
16.50631
0.8748441
10.26344
12.27661
1.917866
13.92936
9.13505
11.0865
13.99294
16.60981
8.25726
4.177298
8.255098
13.1296
13.17603
10.81671
10.69925
3.772691
6.553795
14.25453
11.61856
14.34352
15.55315
9.940561
5.319841
12.86315
10.50353
8.95554
9.476181
18.67607
14.25989
6.980789
15.01972
15.49193
10.935
17.73599
7.073851
4.198958
5.839131
10.39006
16.70569
5.896801
9.112032
16.47115
7.507784
13.20051
15.71681
12.5152
9.29699
-0.2656865
17.40724
6.459623
5.05369
8.388371
18.75403
9.373515
11.91149
4.650235
14.2279
13.34156
4.364419
11.50851
12.71577
11.966
5.763047
11.84789
5.364758
1.561168
7.8583
16.07043
15.55052
11.71025
5.953783
9.371712
9.933319
11.86371
7.698126
12.84548
12.42002
5.696642
12.95651
14.56783
18.86757
10.21885
8.567603
9.100216
0.5464195
7.723923
14.46288
7.940842
12.71575
10.77808
16.3068
10.78454
13.21117
18.26203
16.03288
10.45372
8.402552
14.24295
3.643002
-0.2330061
1.004329
10.91781
14.24577
10.69246
15.42668
14.04153
11.34311
16.41475
11.7124
9.294504
21.10174
10.86393
11.02825
5.308978
8.891963
9.055116
13.12291
12.35419
11.70739
7.385086
11.76474
9.193675
8.142575
12.33202
14.27596
14.09226
6.15744
14.11844
14.10705
11.7813
6.656756
22.88384
13.55568
18.22792
12.94358
6.829806
5.407747
6.144844
14.54964
-0.5423649
14.78472
19.66414
8.403065
14.97729
20.09845
17.1994
12.0806
15.54549
9.93368
4.713408
13.77832
7.176002
17.34374
5.43058
13.9779
8.393366
15.91348
17.03865
5.664237
8.138786
8.37034
11.38275
12.14197
9.43379
11.45292
3.092562
10.14392
5.873065
15.38399
8.51125
13.65219
8.890435
10.75621
7.185688
11.28427
16.74159
0.9768975
23.59338
6.557847
14.91336
7.782793
17.84106
10.58937
1.620539
12.14086
5.478402
12.15298
6.616007
13.07736
13.38025
-1.779991
9.218395
6.735524
5.393777
17.4201
-2.367821
6.425296
14.85569
11.51687
8.230393
9.462976
10.62265
10.29344
15.18089
9.699016
3.312651
10.6494
6.806439
5.568592
8.719142
8.555432
5.4013
9.692902
-1.622875
11.56647
6.75011
10.95198
10.38522
14.08195
13.12778
10.64723
-3.169339
3.809762
10.95104
10.29039
11.44945
13.4503
14.80107
9.016016
14.45043
1.58345
6.746786
-5.018451
12.60081
7.388821
1.725439
4.668087
19.09593
7.489853
10.5436
11.358
11.66291
16.09863
18.66961
3.745929
11.66018
7.817066
16.60356
15.31483
8.507351
14.66185
15.04464
11.12875
6.988833
5.990689
-5.929791
-1.31031
11.39298
6.995505
10.63982
10.81724
6.99615
8.41151
11.42152
7.053366
6.684454
20.23511
11.94315
2.905137
1.255914
14.67447
11.94027
6.242701
5.083448
16.2769
7.803005
12.27525
10.29725
15.8042
26.98789
16.16542
12.4751
24.46522
17.08627
13.70582
18.15469
14.24363
11.19049
10.07135
9.73103
9.406509
4.107598
10.68726
12.7812
9.65275
