2.140116
8.39038
7.536939
8.201278
0.6775046
1.769676
6.089952
6.481448
4.735441
8.777002
3.248832
6.596778
2.009623
9.708708
8.52582
0.2245234
9.577101
8.426989
6.877901
8.030828
4.641567
7.88317
0.6426955
1.746208
1.326122
9.01655
8.073588
1.111159
2.21626
3.747027
2.682224
8.155377
2.787831
9.59967
7.481998
7.61143
4.430864
6.133597
2.630985
0.8682985
4.340676
3.764003
9.034175
9.061202
2.208045
6.907066
1.953787
9.13109
4.181953
3.839575
8.735529
2.038367
8.740111
0.9137081
4.916821
6.84322
5.995085
5.10472
9.17816
2.676665
8.547717
3.21145
1.039177
4.914375
3.161821
6.143351
8.128757
7.683032
2.328561
9.787296
3.584952
3.951007
0.1638645
1.150894
9.394734
8.082562
9.248474
8.933336
5.410541
8.553079
2.869306
2.028207
8.038835
1.145001
7.278036
7.794373
2.694681
4.910644
3.459458
0.5174411
8.381458
6.13724
5.280191
6.808934
7.89487
5.083823
8.735573
1.961145
9.434995
8.407733
3.099854
5.991856
5.037925
0.8753513
4.162619
8.698577
8.887705
8.929323
9.72739
8.07482
2.029692
3.32334
3.408892
3.117093
5.12857
4.665327
6.93729
8.813508
9.046284
4.402818
3.344866
6.258875
6.403431
8.604498
2.421583
3.117909
1.745363
3.503751
7.147107
5.982926
4.4501
0.7081244
6.646718
8.06639
0.5942108
6.934308
2.040317
1.81076
7.085718
8.273685
5.74045
9.679204
7.101787
5.494125
1.832882
5.047138
6.716058
6.507104
1.962301
9.02769
4.65912
8.362326
9.459588
4.140725
7.69883
5.048166
2.686528
4.086688
5.312635
5.237974
4.333597
4.252578
7.395146
6.579158
1.158177
5.153483
8.990159
3.925582
6.416165
6.757676
7.775974
0.008105591
5.432024
7.060446
5.493947
5.542936
7.848333
4.487149
6.425123
2.652495
4.616971
3.816151
4.400832
8.145389
3.982572
6.178473
7.883425
3.408586
0.4210908
8.13473
7.077895
3.566647
7.267425
3.806694
0.7523936
3.488419
9.078293
2.808995
7.24711
5.123466
5.766734
4.71754
0.5294759
2.19895
3.038292
3.505229
1.694737
4.899705
7.737227
7.295613
7.561806
0.1862763
7.99891
4.95326
2.575617
0.1953679
3.545088
2.292636
1.075337
7.811121
3.744379
3.664269
7.361608
6.164891
5.590708
7.860422
2.040123
5.2421
1.495817
6.98166
6.421065
4.885638
1.723228
3.56393
2.909404
9.162223
9.953312
8.971345
7.57821
1.302951
0.09947324
4.135162
1.767857
5.417992
1.07197
2.047293
6.333427
4.501966
2.571414
6.150712
6.094978
2.804339
2.424795
8.747531
9.29687
5.995931
9.198234
0.2173354
0.3687317
7.847516
1.815656
5.946714
9.105155
0.07041048
6.713158
3.000753
9.200704
1.087393
4.986937
7.59526
2.737342
5.999318
2.473285
8.33183
4.034747
6.968408
7.021264
7.89069
7.912835
1.698736
9.18211
0.06907427
0.3204391
0.7343992
5.594652
0.9038577
8.882125
5.779343
9.09496
8.271466
2.893433
2.836963
3.157489
6.682417
4.846179
4.830701
8.658304
9.418564
9.79086
0.4608694
7.026496
0.06633371
4.892255
7.943336
9.66108
5.605522
0.1090021
3.869688
2.52914
0.8611372
5.79039
0.9354391
5.337078
9.52323
2.763691
5.668408
9.546783
1.650643
7.783885
4.973192
4.491777
2.505479
0.2504958
5.139971
8.045157
9.421025
7.485615
9.26891
2.99834
3.99394
9.673836
9.631732
8.794972
3.903912
5.176853
4.073088
8.382758
5.04346
1.998642
9.713832
8.889055
9.333564
5.40547
3.425796
6.085678
4.335733
9.356592
8.070294
8.344744
2.087223
9.216548
7.08469
6.007518
8.507127
5.197013
8.232578
4.28602
2.23438
6.218537
1.460388
7.2554
1.75176
1.464062
7.193345
7.18772
9.910102
3.13874
9.414242
8.778357
9.59705
6.639137
5.875772
4.493545
0.2124741
0.75921
8.039743
3.796311
5.653052
3.37969
4.063667
3.732052
9.110487
4.047171
7.223278
0.54967
2.50122
6.999673
0.08833393
2.300157
2.420535
8.620803
6.656754
6.509809
4.743139
5.600908
7.031227
8.109145
1.115575
8.08602
8.708527
0.6490531
8.926298
2.902636
1.479199
4.59271
3.990214
5.768949
2.595891
3.614042
6.873312
3.318367
0.5623515
1.077011
4.866749
5.72938
2.650756
1.701199
5.629413
6.8169
0.6612695
1.677326
3.546043
2.690633
3.860534
2.243255
2.227979
2.480063
0.8306665
8.919303
4.192951
1.133328
0.5873121
7.032878
9.977503
4.106082
6.077543
8.720007
8.60972
1.110502
6.598817
2.046117
6.245706
0.5203646
1.182498
7.841996
0.846001
3.492657
7.013037
3.745221
7.654939
9.916592
6.211155
8.635045
9.538686
8.751071
0.655073
3.602473
4.795483
4.495944
8.35439
1.807169
9.348896
6.84811
2.632519
2.628988
1.264412
5.618793
5.068175
7.713455
5.639851
7.755143
8.318685
2.635774
9.36527
4.897153
5.34851
4.897495
9.723732
5.425663
6.449489
3.955134
2.88176
0.08663476
1.937892
3.534254
1.070055
3.465266
9.429828
9.664808
9.650614
6.112177
0.7955979
9.55212
1.714521
2.081499
5.690216
3.377393
1.707593
3.238993
1.35253
