0.3084991
0.6820328
1.063922
1.395496
1.977127
2.333363
3.534186
4.058526
4.373849
4.882652
5.156439
5.658272
6.006972
6.306398
6.899236
7.439306
7.776628
8.041678
8.659481
9.320026
9.801053
10.27695
10.65028
11.36372
11.87919
12.81645
13.20659
14.0272
15.30547
15.79518
16.71615
17.02322
17.75169
18.38791
18.70757
19.36736
19.8373
20.29687
21.00513
21.94306
22.06298
22.65812
22.91079
23.19407
23.74971
24.16262
24.87433
25.49405
25.99616
26.60516
27.22428
27.68193
28.21782
28.98492
29.48781
30.27895
30.83524
31.57294
31.73347
32.03884
32.90699
33.1714
33.72668
34.07
34.36757
34.69321
35.25831
35.69127
36.03796
36.2802
36.9416
37.41773
37.64951
38.0166
38.43849
38.65449
39.10123
39.55771
40.19327
41.09144
41.46125
41.82641
42.57593
43.11158
43.94488
44.49958
44.77843
45.05884
45.4193
45.90328
46.41136
46.85626
47.22272
47.74815
48.00299
48.07477
48.43941
48.88609
49.35379
49.81482
0.3385229
0.7968805
1.192031
1.583278
2.037932
2.568584
3.589951
4.15852
4.463391
4.909597
5.18012
5.660646
6.142721
6.439015
7.048595
7.499212
7.828424
8.142889
8.724781
9.356356
9.84042
10.40165
10.68633
11.63849
12.18696
13.03326
13.39115
14.13563
15.31698
15.86387
16.83018
17.21319
17.79214
18.44683
18.77249
19.41431
19.83978
20.35725
21.02711
21.94979
22.28142
22.72233
22.91505
23.46524
23.87463
24.16288
24.93485
25.57899
26.09055
26.632
27.25865
28.03988
28.31765
29.08501
29.90648
30.36724
31.07696
31.65008
31.85411
32.37743
32.99118
33.35651
33.74012
34.08621
34.4095
34.71485
35.40668
35.73225
36.05278
36.39943
37.02461
37.42854
37.82103
38.04518
38.44791
38.69234
39.2213
39.90137
40.2584
41.14298
41.48524
42.09294
42.74624
43.18501
44.15766
44.50546
44.96669
45.13811
45.46631
46.15349
46.44455
47.0079
47.23476
47.79948
48.00399
48.08122
48.44902
49.04689
49.49811
49.84056
0.3623766
0.8431115
1.197262
1.741083
2.049327
2.570722
3.702724
4.165784
4.632012
4.9968
5.29734
5.710308
6.150629
6.529429
7.207937
7.607717
7.847087
8.214517
8.758077
9.588243
9.919296
10.42252
10.76671
11.67113
12.50728
13.08024
13.82101
14.20321
15.34038
16.2011
16.93341
17.22646
18.06481
18.49402
18.87584
19.4633
19.9822
20.47358
21.06248
21.99346
22.44706
22.77087
22.95592
23.56308
23.90935
24.27044
24.94574
25.60372
26.16718
26.69719
27.47083
28.15748
28.37742
29.11651
29.94919
30.38746
31.11055
31.65178
31.87407
32.75931
33.00664
33.45039
33.95885
34.13822
34.51989
34.76608
35.4418
35.91972
36.06658
36.61099
37.13772
37.44333
37.85175
38.11094
38.4927
38.70656
39.29594
39.90746
40.3086
41.17734
41.69158
42.13899
42.80725
43.33665
44.2737
44.69143
44.99479
45.20995
45.60497
46.19071
46.47513
47.01491
47.46298
47.8294
48.04302
48.14999
48.6904
49.12189
49.53887
49.86309
0.4252159
0.9824612
1.24503
1.827923
2.080069
2.630276
3.735429
4.318327
4.651783
5.016928
5.512203
5.810046
6.189224
6.705145
7.40719
7.650426
7.849783
8.27729
9.145005
9.610763
10.07911
10.4611
11.14967
11.76781
12.71393
13.17395
13.84766
14.32614
15.34841
16.22756
17.01771
17.35913
18.11975
18.55563
18.99249
19.49755
20.08219
20.64636
21.19806
21.99508
22.50754
22.83742
23.01096
23.64222
23.9283
24.41403
25.31927
25.61221
26.2032
27.03036
27.5211
28.17585
28.76691
29.21081
29.96995
30.54267
31.33078
31.68653
31.94509
32.76186
33.13757
33.48087
33.96184
34.23956
34.61126
34.83243
35.55534
35.93791
36.08806
36.81091
37.18607
37.48514
37.91112
38.1591
38.49744
39.05126
39.44412
39.98367
40.35981
41.37128
41.70276
42.1579
42.97592
43.71463
44.42593
44.71492
44.99732
45.24871
45.73257
46.21514
46.48401
47.0534
47.50209
47.88588
48.05648
48.16464
48.69971
49.14027
49.60947
49.93475
0.4784518
1.030727
1.314369
1.953226
2.261349
2.735847
3.804705
4.326826
4.761051
5.11583
5.634732
5.97931
6.269022
6.711889
7.411578
7.650441
7.906436
8.467216
9.147271
9.718853
10.22554
10.46692
11.18778
11.84912
12.72033
13.1974
13.96419
14.36113
15.74075
16.49034
17.02047
17.69353
18.23302
18.60237
19.25882
19.59703
20.09109
20.83366
21.60401
22.06023
22.58709
22.83924
23.08137
23.73419
24.07539
24.71098
25.38958
25.74702
26.34317
27.04115
27.62512
28.19574
28.8018
29.21411
30.15107
30.81154
31.43879
31.72916
31.99156
32.80119
33.16655
33.50773
34.05299
34.32957
34.6281
35.1079
35.65576
35.97405
36.26697
36.87024
37.38937
37.49506
38.01171
38.35455
38.50984
39.05476
39.50902
40.12148
41.05424
41.37856
41.74501
42.49998
42.99222
43.89502
44.42629
44.75718
45.04766
45.36316
45.85282
46.28288
46.71734
47.05971
47.57997
47.93593
48.07068
48.27419
48.87475
49.31589
49.8145
49.97282
